50
50
50
50
50
50
50
50
50
50
50
50
50
50
50
50
50
50
50
50
50
50
50
50
50
50
50
50
50
50
50
50
50
50
50
50
50
49
49
49
48
48
47
46
45
44
43
42
41
40
38
37
35
34
32
31
30
28
27
25
24
23
22
21
20
20
19
18
18
17
17
18
18
20
22
25
27
29
31
33
35
37
39
40
42
43
45
46
47
48
49
50
51
51
52
53
53
54
54
54
55
55
55
56
56
56
56
56
56
57
57
57
57
57
57
57
57
57
57
57
57
57
57
57
57
57
57
57
57
57
57
57
57
57
57
57
57
57
57
57
57
56
56
56
56
55
55
55
54
54
53
53
53
52
52
52
51
51
51
50
50
50
50
50
50
50
50
51
51
51
52
52
53
53
53
54
54
55
55
55
55
56
56
56
56
56
56
56
56
56
56
57
57
57
57
57
57
57
57
57
57
57
57
57
57
57
57
57
57
57
57
57
57
57
57
57
57
57
57
57
57
57
57
57
57
57
57
57
57
57
57
57
57
57
57
57
57
57
57
57
56
56
56
56
56
56
56
56
56
56
56
56
56
55
55
55
55
55
55
55
55
55
55
55
55
55
55
55
55
55
55
55
55
55
55
55
55
55
55
55
55
55
55
55
55
55
55
55
55
55
55
55
55
55
55
55
55
55
55
55
