49
49
49
49
49
49
49
49
49
49
49
49
49
49
49
49
49
49
48
48
48
48
48
48
48
48
48
48
48
48
48
48
48
48
48
48
47
47
47
46
45
44
43
41
40
38
36
34
32
30
29
27
25
23
22
21
20
19
19
19
19
20
22
23
25
27
29
31
32
34
36
37
39
40
41
43
44
45
46
47
47
48
49
49
50
50
50
51
51
51
52
52
52
52
52
52
52
52
53
53
53
53
53
53
53
53
53
53
53
53
53
53
53
53
53
53
53
53
53
53
53
53
53
53
53
53
53
53
53
53
53
53
53
53
53
53
53
53
53
53
53
53
53
53
53
53
53
53
53
53
53
53
53
53
53
53
53
53
53
53
53
53
53
53
53
53
53
53
53
53
53
53
53
53
53
53
53
53
52
52
52
52
52
52
52
52
51
51
51
51
51
51
51
51
51
51
51
50
50
50
50
50
50
50
50
50
50
50
51
51
51
51
51
51
51
51
51
51
51
51
51
51
51
51
51
51
51
51
51
51
51
51
51
51
51
51
51
51
51
51
50
50
50
50
50
50
50
49
49
48
47
47
46
45
43
42
40
38
36
34
32
31
29
27
25
23
22
21
19
18
17
16
15
14
14
13
12
12
11
12
12
12
13
14
15
17
19
21
23
25
27
30
32
33
35
37
38
40
41
42
