54
54
54
54
54
54
54
54
54
54
54
54
54
54
54
54
54
54
53
53
53
53
53
52
51
51
50
49
48
47
46
44
43
41
40
38
37
35
33
32
30
29
28
27
25
24
23
22
21
20
20
19
18
18
17
16
16
15
15
15
14
14
14
14
14
14
15
16
17
18
20
22
24
26
28
30
32
33
35
37
38
40
41
42
44
45
46
47
48
49
49
50
51
51
52
53
53
54
54
54
55
55
55
55
55
56
56
56
56
56
56
56
56
56
56
56
56
55
55
55
55
55
54
54
54
53
53
52
52
51
50
50
49
48
47
46
45
44
43
42
41
40
38
37
36
35
34
33
33
32
31
31
30
30
29
29
30
30
31
32
33
35
36
37
39
40
41
42
44
45
46
47
48
49
49
50
51
52
52
53
53
54
55
55
56
56
57
57
58
58
59
59
59
60
60
60
60
60
60
60
60
60
60
60
60
60
60
60
60
60
60
60
60
60
60
60
59
59
59
59
59
58
58
57
57
57
56
56
55
55
54
54
53
52
52
51
50
49
49
48
47
47
46
46
46
46
47
47
47
48
48
49
49
50
50
51
52
52
53
53
54
55
55
55
56
56
57
57
57
58
58
58
58
59
59
59
59
59
59
59
59
59
59
59
59
58
58
58
58
57
57
57
57
56
56
56
56
56
55
55
